20200110_141035(0).jpg
0.2953333314259847 0.142578125 0.7136666647593181 0.396484375
1 
139552791_169993631126879_7395567093686741086_n.jpg
0.07518518447875977 0.28515625 0.5035185178120931 0.75
1 
20200110_141038.jpg
0.3235185178120931 0.16015625 0.6901851844787598 0.36328125 
1
139325389_761906061095039_5161417104079429057_n (1).jpg
0.1485185178120931 0.404296875 0.5385185178120931 0.865234375 
1
20191228_100610.jpg
0.008518517812093099 0.173828125 0.6635185178120931 0.50390625 
1
20201113_152711_001.jpg
0.7585185178120931 0.2421875 1.0 0.55078125 
1
20191228_100610 - Copy.jpg
0.0018518511454264322 0.16015625 0.6768518511454265 0.490234375 
1
20200111_093635.jpg
0.14018518447875977 0.2890625 0.6218518511454265 0.580078125 
1
20200111_093603.jpg
0.2385185178120931 0.134765625 0.7601851844787597 0.48828125 
1
20200703_112437.jpg
0.4535185178120931 0.005859375 0.7018518511454265 0.29296875 
1
20200110_141045.jpg
0.5418518511454264 0.212890625 0.8818518511454265 0.4453125 
1
20200907_123812.jpg
0.5385185178120931 0.041015625 0.8451851844787598 0.423828125 
1
20200911_124104(0).jpg
0.3401851844787598 0.302734375 0.6535185178120931 0.771484375 
1
20200110_141037.jpg
0.3085185178120931 0.1484375 0.5685185178120931 0.3671875 
1
20200103_083026.jpg
0.025185184478759767 0.166015625 0.4485185178120931 0.53515625 
1
20200108_162856.jpg
0.5451851844787597 0.126953125 0.7768518511454264 0.361328125 
1
138864457_860630001391126_8853810734223068807_n (2).jpg
0.010185184478759766 0.34765625 0.4151851844787598 0.69921875 
1
20191212_125156.jpg
0.26851851781209307 0.20703125 0.553518517812093 0.40625 
1
20200110_141038(0).jpg
0.5385185178120931 0.24609375 0.8651851844787598 0.419921875 
1
20200703_112439.jpg
0.4551851844787598 0.0625 0.683518517812093 0.275390625 
1
139552791_169993631126879_7395567093686741086_n (1).jpg
0.13018518447875976 0.3125 0.49185185114542646 0.669921875 
1
20200907_123741.jpg
0.28685185114542644 0.158203125 0.5335185178120931 0.39453125 
1
20200629_143359.jpg
0.5485185178120932 0.2421875 0.6635185178120931 0.3671875 
1
20201014_124718.jpg
0.4551851844787598 0.486328125 0.4551851844787598 0.486328125 
1
20201014_124759.jpg
0.4685185178120931 0.12890625 0.5468518511454264 0.2265625 
1
20201014_124736.jpg
0.3235185178120931 0.43359375 0.5501851844787597 0.603515625 
1
20200907_123745.jpg
0.3918518511454264 0.22265625 0.5985185178120931 0.400390625 
1
20201113_152616.jpg
0.5018518511454264 0.359375 0.7418518511454264 0.580078125 
1
137621572_411942173230896_4675814408881572215_n.jpg
0.2785185178120931 0.38671875 0.5018518511454264 0.615234375 
1
139552791_169993631126879_7395567093686741086_n (2).jpg
0.20018518447875977 0.3125 0.4935185178120931 0.662109375 
1
20200103_083024(0).jpg
0.06685185114542644 0.2265625 0.4551851844787598 0.525390625 
1
20200108_162254.jpg
0.15018518447875975 0.03125 0.32018518447875977 0.29296875 
1
20200703_112437(0).jpg
0.4651851844787598 0.087890625 0.6435185178120931 0.279296875 
1
20200703_112438(0).jpg
0.48518518447875975 0.08203125 0.6601851844787597 0.267578125 
1
20201014_124716.jpg
0.20185185114542642 0.45703125 0.3885185178120931 0.642578125 
1
20200110_141035.jpg
0.2385185178120931 0.20703125 0.49185185114542646 0.40625
1
20200629_143400.jpg
0.5485185178120932 0.24609375 0.6551851844787598 0.365234375 
1
20200108_162250.jpg
0.1935185178120931 0.06640625 0.3518518511454264 0.30859375 
1
20201113_152617.jpg
0.5118518511454264 0.34765625 0.7518518511454264 0.564453125 
1
20201007_115624.jpg
0.22518518447875976 0.275390625 0.3651851844787598 0.439453125 
1
20200108_162251.jpg
0.13685185114542645 0.076171875 0.29018518447875974 0.302734375 
1
20200629_143355.jpg
0.5201851844787597 0.25390625 0.643518517812093 0.359375 
1
20200703_112439(0).jpg
0.4385185178120931 0.1015625 0.6235185178120931 0.28515625 
1
FB_IMG_1566817573911.jpg
0.41185185114542644 0.4375 0.5801851844787598 0.572265625 
1
20200629_143358.jpg
0.5351851844787597 0.24609375 0.6518518511454264 0.35546875 
1
20200108_162252.jpg
0.13185185114542644 0.07421875 0.31185185114542646 0.306640625 
1
20201014_124712.jpg
0.22685185114542644 0.240234375 0.42185185114542645 0.421875 
1
20191212_125155.jpg
0.3918518511454264 0.216796875 0.6251851844787597 0.384765625 
1
20200111_093602.jpg
0.09185185114542643 0.287109375 0.5318518511454264 0.462890625 
1
20201007_111309.jpg
0.21518518447875976 0.31640625 0.4418518511454264 0.54296875 
1
20200907_123813.jpg
0.4418518511454264 0.171875 0.7001851844787598 0.42578125 
1
20200108_162856(0).jpg
0.5685185178120931 0.158203125 0.7368518511454264 0.34375 
1
20200907_123746.jpg
0.37185185114542646 0.22265625 0.5835185178120932 0.404296875 
1
138346550_842689259855737_6669069356911229315_n.jpg
0.2135185178120931 0.267578125 0.44518518447875977 0.44140625 
1
20201030_143435.jpg
0.4385185178120931 0.380859375 0.673518517812093 0.55859375 
1
138864457_860630001391126_8853810734223068807_n.jpg
0.11685185114542643 0.3203125 0.42018518447875974 0.62890625 
1
20201012_103547.jpg
0.5385185178120931 0.26171875 0.6835185178120932 0.4453125 
1
20201113_152618_066.jpg
0.5385185178120931 0.375 0.7335185178120931 0.60546875 
1
20200108_162248.jpg
0.30685185114542646 0.01171875 0.4685185178120931 0.26953125 
1
20200110_141044.jpg
0 0 0 0
0
20200110_141042.jpg
0 0 0 0
0
20200103_095553.jpg
0.2435185178120931 0.251953125 0.8635185178120931 0.560546875 
1
20201014_124802.jpg
0.5118518511454264 0.0546875 0.6368518511454264 0.17578125 
1
20200111_093648.jpg
0.29018518447875974 0.384765625 0.6168518511454264 0.546875 
1
20200911_124104.jpg
0.37185185114542646 0.373046875 0.6351851844787597 0.71875 
1
20200108_162253.jpg
0.14518518447875978 0.06640625 0.29685185114542645 0.298828125 
1
20200103_083025.jpg
0.08185185114542644 0.23828125 0.39351851781209307 0.54296875 
1
20200103_083024.jpg
0.14685185114542643 0.22265625 0.4135185178120931 0.53125 
1
20200103_083021.jpg
0.011851851145426433 0.197265625 0.31018518447875976 0.513671875 
1
20200907_161735.jpg
0.1785185178120931 0.4375 0.38518518447875977 0.6953125 
1
20200911_124106.jpg
0.37518518447875976 0.34375 0.8535185178120931 0.76953125 
1
20201007_115634.jpg
0.3335185178120931 0.3828125 0.42851851781209305 0.478515625 
1
20200703_112438.jpg
0.47685185114542644 0.0625 0.6885185178120932 0.265625 
1
138864457_860630001391126_8853810734223068807_n (1).jpg
0.13518518447875977 0.341796875 0.4085185178120931 0.658203125 
1
20200629_143358(0).jpg
0.5435185178120931 0.251953125 0.6601851844787598 0.3671875 
1
139325389_761906061095039_5161417104079429057_n.jpg
0.2535185178120931 0.31640625 0.5251851844787598 0.58984375 
1
139325389_761906061095039_5161417104079429057_n (2).jpg
0.29185185114542644 0.421875 0.5251851844787598 0.6640625 
1
138457721_1335896870077397_3239181906362840671_n.jpg
0.3435185178120931 0.416015625 0.5268518511454264 0.61328125 
1
20200103_083019.jpg
0.1985185178120931 0.015625 0.43851851781209306 0.501953125 
1
20200703_112436.jpg
0.4685185178120931 0.107421875 0.6318518511454264 0.275390625 
1
20201007_115632.jpg
0.3385185178120931 0.390625 0.44018518447875976 0.494140625 
1
20191212_125158.jpg
0.2285185178120931 0.203125 0.5301851844787597 0.392578125 
1
20201113_152617(0).jpg
0.5035185178120931 0.345703125 0.7651851844787598 0.57421875 
1
20200703_112440.jpg
0.42685185114542645 0.111328125 0.6268518511454264 0.29296875 
1
20200110_141041.jpg
0.4518518511454264 0.09375 0.7901851844787597 0.30078125 
1
20191212_125155 - Copy.jpg
0.20685185114542642 0.408203125 0.3868518511454264 0.681640625 
1
138174567_2932898700320532_8134613660189620212_n.jpg
0.47685185114542644 0.421875 0.7451851844787598 0.76171875 
1
20200108_162844.jpg
0 0 0 0
0
20200907_123742.jpg
0.3285185178120931 0.17578125 0.5485185178120932 0.384765625 
1
20200108_162251(0).jpg
0.12685185114542644 0.04296875 0.3035185178120931 0.3046875 
1
20201007_115627.jpg
0.3818518511454264 0.248046875 0.49518518447875975 0.41015625 
1