67291_1546391474002_4195841_n.jpg
0.29185185114542644 0.41796875 0.4751851844787598 0.56640625 
1
999993_10201942675480563_1011642940_n.jpg
0 0 0 0
0
10253863_816584855037037_1556087218874145476_n.jpg
0.37518518447875976 0.7578125 0.4868518511454264 0.86328125 
1
553113_398384103551638_1757788960_n.jpg
0.35185185114542644 0.708984375 0.44185185114542647 0.796875 
1
12375109_10153852058102053_14102909967066125_o.jpg
0.6335185178120931 0.455078125 0.7601851844787598 0.568359375 
1
39715632_1928569630519745_306868150509502464_n.jpg
0.3451851844787598 0.203125 0.4151851844787598 0.271484375 
1
15391018_10154834740897053_2471794987876780033_n.jpg
0.08018518447875976 0.271484375 0.4035185178120931 0.564453125 
1
458616_2074650521420_1845218367_o.jpg
0.5701851844787598 0.251953125 0.7918518511454264 0.41796875 
1
644630_509666159043435_841605883_n.jpg
0.4085185178120931 0.244140625 0.6335185178120931 0.419921875 
1
25395751_2211631925528856_8745484975869720724_n.jpg
0.4051851844787598 0.408203125 0.5385185178120931 0.525390625 
1
12362782_10153852058252053_2356033514754475189_o.jpg
0.5485185178120932 0.453125 0.6601851844787598 0.548828125 
1
215708_10150159040667304_5744149_n.jpg
0.35185185114542644 0.58984375 0.43518518447875976 0.671875 
1
192448_523318614352834_1686941180_o.jpg
0.3283333333333333 0.291015625 0.485 0.431640625 
1
735816_552589008103736_463078294_o.jpg
0.40166666666666667 0.404296875 0.55 0.529296875 
1
470799_10151106898963865_1660268481_o.jpg
0.37666666666666665 0.556640625 0.5599999999999999 0.71875 
1
337264_3753693124535_679038697_o.jpg
0.28833333333333333 0.310546875 0.3833333333333333 0.39453125 
1
23559966_814705718736043_2929261474121561437_n.jpg
0.32666666666666666 0.3046875 0.4766666666666667 0.42578125 
1
48052954_10157100526049284_8549790778224803840_o.jpg
0.355 0.26953125 0.435 0.34375 
1
12374846_10153853144462053_9103791107024266444_o.jpg
0.4766666666666667 0.44140625 0.5583333333333333 0.51171875 
1
21231809_10155828656609729_5708177142404360945_n.jpg
0.3433333333333333 0.771484375 0.6966666666666667 1.0 
1
665363_523313734353322_118582574_o.jpg
0.27166666666666667 0.58984375 0.41666666666666663 0.724609375 
1
48382355_10157016229807053_2741009705529769984_n.jpg
0.31833333333333336 0.455078125 0.48 0.603515625 
1
10320546_10153875613432053_3799968190886548573_n.jpg
0.425 0.3359375 0.8383333333333334 0.677734375 
1
602660_469430876408275_327400795_n.jpg
0.4083333333333333 0.44140625 0.48 0.513671875 
1
385487_10150521226241425_1900015131_n.jpg
0.285 0.501953125 0.5916666666666666 0.759765625 
1
12314350_10153841658337053_2751903921302933312_o.jpg
0.6233333333333333 0.4609375 0.725 0.54296875 
1
12188996_10153768120972053_3683002059174538250_n.jpg
0.09166666666666666 0.30859375 0.195 0.40234375 
1
703616_523318721019490_652340087_o.jpg
0.37166666666666665 0.486328125 0.595 0.666015625 
1
175579_2460952938739_1754706656_o.jpg
0.305 0.7421875 0.44333333333333336 0.865234375 
1
193598_10150444194450332_2635058_o.jpg
0.16166666666666665 0.4609375 0.24166666666666664 0.53515625 
1
47455491_1964493373616526_2532533938602115072_o.jpg
0.33666666666666667 0.134765625 0.455 0.240234375 
1
38745545_10211194767459404_1781267862732668928_n.jpg
0.06666666666666667 0.447265625 0.18333333333333335 0.564453125 
1
602296_10151232114289879_1775859605_n.jpg
0.24333333333333335 0.12109375 0.385 0.267578125 
1
334700_542260025790988_381688462_o.jpg
0.22 0.091796875 0.6183333333333333 0.408203125 
1
12065676_10153756234322053_338199145180350986_n.jpg
0.16333333333333333 0.564453125 0.28500000000000003 0.673828125 
1
308630_1547819272326_69775896_n.jpg
0.45166666666666666 0.484375 0.55 0.568359375 
1
1924129_135837387052_7527213_n.jpg
0.29833333333333334 0.32421875 0.54 0.576171875 
1
69020_1546457195645_1871740_n.jpg
0.355 0.517578125 0.5583333333333333 0.697265625 
1
1071258_483313358422166_968117205_o.jpg
0.4483333333333333 0.232421875 0.5466666666666666 0.318359375 
1
473579_10151344714745399_1354361630_o.jpg
0.3883333333333333 0.244140625 0.5466666666666666 0.400390625 
1
12371224_10153852055032053_8195899116271196243_o.jpg
0.5833333333333334 0.43359375 0.6483333333333334 0.49609375 
1
224985_220799091269839_3738761_n.jpg
0.13166666666666665 0.234375 0.39666666666666667 0.451171875 
1
39552_1593529392108_7218950_n.jpg
0.20166666666666666 0.375 0.49833333333333335 0.626953125 
1
131508188_10159214764677053_2284997012258453556_n.jpg
0.14 0.341796875 0.32833333333333337 0.513671875 
1
12138367_10207428286606587_207637154710575829_o.jpg
0.4666666666666667 0.501953125 0.5383333333333333 0.5703125 
1
1551768_10152233518732053_1145635054_n.jpg
0.23666666666666666 0.48046875 0.68 0.83984375 
1
125316448_10223354495348529_8156085512449939052_o.jpg
0.22333333333333333 0.283203125 0.345 0.3828125 
1
523951_523627260998781_1725859285_n.jpg
0.41 0.65625 0.6 0.7890625 
1
24774941_10155532258702740_434388028959017277_n.jpg
0.44333333333333336 0.595703125 0.5383333333333333 0.68359375 
1
13064690_10154165135762053_193399033018624340_o.jpg
0.45 0.015625 0.5216666666666667 0.0703125 
1
132851_3974754130361_1288197543_o.jpg
0.21833333333333332 0.328125 0.365 0.453125 
1
308203_295206730491362_1338770877_n.jpg
0.11833333333333333 0.52734375 0.29333333333333333 0.673828125 
1
46919382_10156968345637053_6254097335077306368_n.jpg
0.18666666666666668 0.396484375 0.29333333333333333 0.48828125 
1
251618_225131240862698_5759109_n.jpg
0.35 0.37109375 0.5516666666666666 0.501953125 
1
65500886_2195443900510567_3513384313003442176_n.jpg
0.37166666666666665 0.478515625 0.48166666666666663 0.56640625 
1
12631427_10153927954972053_2028104220880993354_n.jpg
0.19833333333333333 0.294921875 0.35 0.42578125 
1
12187809_10153766021277053_6891088053070584323_n.jpg
0.59 0.443359375 0.6849999999999999 0.53125 
1
11021462_972696126087976_1831282172028668367_o.jpg
0.37333333333333335 0.439453125 0.43 0.486328125 
1
11865362_10153503574961425_6791961340890324533_o.jpg
0 0 0 0
0
11921647_10153511904021425_3861508504636573386_n.jpg
0.37 0.494140625 0.4766666666666667 0.564453125 
1
615200_10151106906558865_2069193410_o.jpg
0.4116666666666667 0.193359375 0.6633333333333333 0.38671875 
1
74883013_2622930017744089_2230448835472130048_n.jpg
0.4866666666666667 0.458984375 0.5583333333333333 0.521484375 
1
155113_501119346572761_1408088327_n.jpg
0.36666666666666664 0.529296875 0.5616666666666666 0.669921875 
1
10255907_10153868606602053_184731468303507045_o.jpg
0.25833333333333336 0.23828125 0.3516666666666667 0.328125 
1
23561721_10155943843182053_6239627313728008267_n.jpg
0.15333333333333332 0.369140625 0.3516666666666667 0.541015625 
1
706283_523317784352917_1730741061_o.jpg
0.37833333333333335 0.35546875 0.5016666666666667 0.45703125 
1
256879_533488220002540_1232513502_o.jpg
0.455 0.525390625 0.5633333333333334 0.625 
1
39525_1562353691863_901121_n.jpg
0.23666666666666666 0.5390625 0.385 0.66796875 
1
33936_1593528392083_7535594_n.jpg
0.17833333333333334 0.84765625 0.4 1.0 
1
535842_501442933207069_2040008174_n.jpg
0 0 0 0
0
12207_10152357197075082_1580275559_n.jpg
0 0 0 0
0
470682_2074669641898_1207897031_o.jpg
0 0 0 0
0
286440_4445960119187_1335387033_o.jpg
0.3016666666666667 0.5625 0.49 0.740234375 
1
170490_396013063791035_766662612_o.jpg
0.29333333333333333 0.314453125 0.385 0.38671875 
1
75635886_2754851517869880_6356574765133594624_n.jpg
0.3416666666666667 0.51953125 0.4216666666666667 0.583984375 
1
227156_220799127936502_4852438_n.jpg
0.24333333333333335 0.603515625 0.3933333333333333 0.734375 
1
736228_539683539383008_171669557_o.jpg
0.3383333333333333 0.521484375 0.49 0.64453125 
1
465491_521649377853091_1767996178_o.jpg
0.22666666666666666 0.529296875 0.34833333333333333 0.646484375 
1
3258_90107262052_6767505_n.jpg
0.205 0.28515625 0.7233333333333333 0.80078125 
1
483079_10150983105088956_1340034255_n.jpg
0.36333333333333334 0.19921875 0.5683333333333334 0.427734375 
1
15895033_10207255379297162_2295130849022815093_n.jpg
0.4 0.509765625 0.45333333333333337 0.55859375 
1
706260_521650527852976_1923578061_o.jpg
0.23 0.5234375 0.4033333333333333 0.689453125 
1
11082177_346541405553998_4048530768229533288_o.jpg
0.31666666666666665 0.328125 0.37666666666666665 0.38671875 
1
10570_501868363164526_232917814_n.jpg
0 0 0 0
0
326364_3079370829337_1819994730_o.jpg
0.43166666666666664 0.287109375 0.5333333333333333 0.384765625 
1
48250_542260495790941_64485404_o.jpg
0.25833333333333336 0.0 0.465 0.138671875 
1
10365482_10153853145097053_4668226537738626023_o.jpg
0.35 0.470703125 0.4016666666666666 0.525390625 
1
423040_10151295426021648_549949003_n.jpg
0.155 0.34375 0.255 0.419921875 
1
1915013_448154782052_3713432_n.jpg
0.365 0.482421875 0.5016666666666667 0.62890625 
1
706131_523313851019977_2007995522_o.jpg
0.2783333333333333 0.525390625 0.42833333333333334 0.630859375 
1
223158_10150159039867304_6535144_n.jpg
0.28833333333333333 0.916015625 0.3466666666666667 0.974609375 
1
554394_10151232077589879_1651988671_n.jpg
0.31333333333333335 0.505859375 0.3916666666666667 0.57421875 
1
12345458_10201113168229317_8441490260185060642_n.jpg
0.21166666666666667 0.0625 0.47833333333333333 0.318359375 
1
580781_10151232114064879_553700961_n.jpg
0.4483333333333333 0.55859375 0.5983333333333333 0.69921875 
1
741151_539683582716337_1354316403_o.jpg
0.145 0.51171875 0.31 0.677734375 
1
12347840_10153833914337053_4102906056284222562_n.jpg
0.29333333333333333 0.484375 0.44833333333333336 0.611328125 
1
393745_306790939347904_1903363433_n.jpg
0.32666666666666666 0.451171875 0.45 0.564453125 
1
389165_306784949348503_32765689_n.jpg
0.38666666666666666 0.611328125 0.5 0.73046875 
1
314602_2578569598965_2129930852_n.jpg
0.14 0.4921875 0.3483333333333334 0.666015625 
1
271773_2005318927288_2406653_o.jpg
0.425 0.556640625 0.49 0.630859375 
1
286461_536492806368334_1882062426_o.jpg
0.28 0.4140625 0.5116666666666667 0.650390625 
1
175202_536493129701635_1516940555_o.jpg
0.215 0.646484375 0.3983333333333333 0.837890625 
1
10271399_10153868606647053_4898407984791314246_o.jpg
0.455 0.794921875 0.5833333333333334 0.900390625 
1
703924_523358541015508_72276778_o.jpg
0 0 0 0
0
21122363_10155704831262053_5103275033809467040_o.jpg
0 0 0 0
0
10924224_10155008137760332_882439280547940045_o.jpg
0.26 0.69140625 0.4 0.814453125 
1
1496429_10153852057807053_8317292883035252296_o.jpg
0.3466666666666667 0.443359375 0.44166666666666665 0.5390625 
1
319590_10150367726174040_1257255175_n.jpg
0.2633333333333333 0.484375 0.39999999999999997 0.595703125 
1
315498_276389819054683_3747109_n.jpg
0.38 0.701171875 0.5016666666666667 0.77734375 
1
58372718_1118366101684252_5950468685125648384_o.jpg
0 0 0 0
0
38754348_293325484579974_1719718692163420160_o.jpg
0.2966666666666667 0.22265625 0.41500000000000004 0.3359375 
1
253037_10151156396023956_926181995_n.jpg
0.25666666666666665 0.6171875 0.43833333333333335 0.767578125 
1
48424359_10157053559318675_5602268041397141504_o.jpg
0.4716666666666667 0.2734375 0.605 0.349609375 
1
12370955_10153852055512053_640993057703258602_o.jpg
0.45166666666666666 0.3984375 0.6016666666666667 0.5234375 
1
665465_4445958359143_1390644114_o.jpg
0.425 0.416015625 0.5033333333333333 0.490234375 
1
192588_523318757686153_1941507427_o.jpg
0.49333333333333335 0.55859375 0.6966666666666667 0.740234375 
1
549411_412260088792021_25440249_n.jpg
0.18 0.48828125 0.29666666666666663 0.583984375 
1
316937_2503461942288_893543346_n.jpg
0.225 0.3125 0.395 0.458984375 
1
243655_396013360457672_811258228_o.jpg
0.4483333333333333 0.330078125 0.5349999999999999 0.400390625 
1
77749_10151106899488865_159065341_o.jpg
0.205 0.525390625 0.43833333333333335 0.71484375 
1
820921_10151286542613865_1088867401_o.jpg
0.265 0.416015625 0.5016666666666667 0.57421875 
1
338354_3974747290190_1062893268_o.jpg
0.19166666666666668 0.3359375 0.325 0.4296875 
1
200379_1783767307577_2111909_n.jpg
0.465 0.2890625 0.5266666666666667 0.34375 
1
1094073_10151859430012053_1726634053_o.jpg
0.16166666666666665 0.7578125 0.3733333333333333 0.986328125 
1
562024_499980796686616_708234474_n.jpg
0 0 0 0
0
12362905_10153852055532053_7670555180358576694_o.jpg
0.47333333333333333 0.4296875 0.625 0.564453125 
1
971505_3268393044095_1782058512_n.jpg
0.25333333333333335 0.78515625 0.3716666666666667 0.888671875 
1
12377611_10153852058117053_147183525981845844_o.jpg
0.5583333333333333 0.416015625 0.6133333333333334 0.478515625 
1
1898556_10153852055352053_7275245014699320071_o.jpg
0.4583333333333333 0.458984375 0.5516666666666666 0.55078125 
1
220405_10150175266918956_1065723_o.jpg
0.32166666666666666 0.93359375 0.38166666666666665 0.98828125 
1
21317817_10155723428522053_8676381627783059428_n.jpg
0.25833333333333336 0.62109375 0.37 0.697265625 
1
339332_396009413791400_1210359160_o.jpg
0.22666666666666666 0.005859375 0.37166666666666665 0.111328125 
1
11874975_10153503574996425_2794616014559671243_o.jpg
0 0 0 0
0
1655347_10205041917425610_7693148535601906473_o.jpg
0 0 0 0
0
34731_1593524751992_5756699_n.jpg
0.15666666666666668 0.57421875 0.3833333333333333 0.7578125 
1
58375_10151232114159879_585535993_n.jpg
0.2833333333333333 0.37890625 0.4933333333333333 0.544921875 
1
47579832_1964492696949927_8784545371272511488_o.jpg
0.21833333333333332 0.5703125 0.30166666666666664 0.650390625 
1
21761579_10155708257814655_4338763075237897114_n.jpg
0 0 0 0
0
11049522_10153852054922053_8970699474624257676_o.jpg
0.46166666666666667 0.556640625 0.53 0.623046875 
1
563902_501120976572598_1386583293_n.jpg
0.37 0.724609375 0.4716666666666667 0.8125 
1
39552_1593529352107_1355994_n.jpg
0.25833333333333336 0.29296875 0.585 0.62109375 
1
737154_539683609383001_1388700233_o.jpg
0.38666666666666666 0.37109375 0.505 0.46484375 
1
178586_4299659414976_2015833133_o.jpg
0.26666666666666666 0.52734375 0.41333333333333333 0.669921875 
1
12375315_10153853144032053_3678421893521530368_o.jpg
0.26166666666666666 0.40234375 0.41000000000000003 0.53515625 
1
49301902_2358031204210007_3816313695034671104_n.jpg
0 0 0 0
0
301180_276389749054690_5974169_n.jpg
0.18833333333333332 0.419921875 0.45333333333333337 0.625 
1
12357005_10153852054507053_1590093485229345738_o.jpg
0.5283333333333333 0.453125 0.6166666666666667 0.5546875 
1
37727_1444878776248_5636687_n.jpg
0 0 0 0
0
665927_536493169701631_1746206198_o.jpg
0.06 0.626953125 0.23333333333333334 0.787109375 
1
77799_4445960839205_525001024_o.jpg
0.33 0.39453125 0.4216666666666667 0.466796875 
1
224579_10151376571654544_1070560903_n.jpg
0.4633333333333333 0.353515625 0.5416666666666666 0.419921875 
1
66381_1546457755659_526380_n.jpg
0.145 0.40625 0.36 0.57421875 
1
703598_521650491186313_1658971364_o.jpg
0.25333333333333335 0.79296875 0.3666666666666667 0.888671875 
1
1004498_686638488018676_540237971_n.jpg
0.29833333333333334 0.255859375 0.38333333333333336 0.328125 
1
1914154_149926922052_7352026_n.jpg
0.18833333333333332 0.4765625 0.45333333333333337 0.62109375 
1
14556609_1207681062588191_3524125919946770765_o.jpg
0.4083333333333333 0.73046875 0.53 0.84375 
1
43006839_1970451482993731_5861732629270757376_o.jpg
0.16833333333333333 0.634765625 0.35333333333333333 0.77734375 
1
13240726_10154219179092053_4407179565515727093_n.jpg
0.23166666666666666 0.333984375 0.7216666666666667 0.708984375 
1
107970621_10158791545307053_5058858752719433584_o.jpg
0.135 0.271484375 0.49833333333333335 0.568359375 
1
13063373_484014338470104_8473572144004353048_o.jpg
0.4583333333333333 0.1484375 0.5283333333333333 0.201171875 
1
12375070_10153852056252053_4829399727512862761_o.jpg
0.3616666666666667 0.41015625 0.4883333333333334 0.5234375 
1
176379_542260122457645_1492828180_o.jpg
0.37 0.24609375 0.63 0.462890625 
1
738303_552589108103726_1603778551_o.jpg
0.295 0.44921875 0.45166666666666666 0.580078125 
1
12144930_10153732248597053_7900376226566226688_n.jpg
0.15 0.365234375 0.365 0.54296875 
1
35122_1446567618468_6987483_n.jpg
0.36666666666666664 0.44140625 0.45499999999999996 0.53125 
1
12106854_10153756234177053_2513421332524574230_n.jpg
0.32 0.521484375 0.435 0.630859375 
1
665210_523318604352835_237287439_o.jpg
0.45666666666666667 0.42578125 0.5983333333333334 0.537109375 
1
311287_499980906686605_1418784358_n.jpg
0 0 0 0
0
482918_10151003607604655_2094200649_n.jpg
0.31 0.8984375 0.43666666666666665 1.0 
1
546872_501174979900531_1488019488_n.jpg
0.375 0.689453125 0.47 0.771484375 
1
12374804_10153852056887053_5817455382782471942_o.jpg
0.4866666666666667 0.4375 0.6333333333333333 0.564453125 
1
12370682_10153853144942053_2396336826067980096_o.jpg
0.24 0.263671875 0.31666666666666665 0.333984375 
1
12022493_10153686482267053_5945173174944720179_o.jpg
0.205 0.439453125 0.345 0.55859375 
1
314010_398384626884919_1265881136_n.jpg
0.34833333333333333 0.728515625 0.445 0.81640625 
1
310809_1547817352278_1691292967_n.jpg
0.2 0.234375 0.4166666666666667 0.412109375 
1
12392058_10153841353737053_8907042960915917789_n.jpg
0.47833333333333333 0.705078125 0.5666666666666667 0.779296875 
1
1004808_3268318202224_2038846853_n.jpg
0.325 0.126953125 0.4216666666666667 0.205078125 
1
223284_220443457972069_70608_n.jpg
0.22666666666666666 0.48046875 0.42833333333333334 0.64453125 
1
185624_539684896049539_1590914584_n.jpg
0 0 0 0
0
382372_501004973250451_152202101_n.jpg
0.34 0.43359375 0.5083333333333333 0.57421875 
1
307223_1547819712337_1471125318_n.jpg
0.4533333333333333 0.50390625 0.565 0.591796875 
1
23316482_10155904050852053_7755470597612873661_n.jpg
0.155 0.37109375 0.3666666666666667 0.548828125 
1
31232130_10156412147807053_9163678506905763840_n.jpg
0.15 0.392578125 0.3333333333333333 0.55078125 
1
704782_10151817838277053_1275792800_o.jpg
0.55 0.521484375 0.675 0.61328125 
1
125271589_10223354494748514_248339101324639489_o.jpg
0.33166666666666667 0.2265625 0.4716666666666667 0.34375 
1
177826_396014010457607_1268104577_o.jpg
0.22333333333333333 0.265625 0.3516666666666667 0.369140625 
1
35122_1446567538466_4240753_n.jpg
0.32166666666666666 0.443359375 0.435 0.5390625 
1
286345_542260195790971_743438187_o.jpg
0.12166666666666667 0.318359375 0.4633333333333334 0.583984375 
1
43050702_10156829584147053_8830840059251916800_n.jpg
0.51 0.52734375 0.6516666666666666 0.654296875 
1
12356894_10153852057787053_1294832761876405394_o.jpg
0.44666666666666666 0.40625 0.5566666666666666 0.505859375 
1
294665_1547815232225_504112_n.jpg
0.5166666666666667 0.3984375 0.6200000000000001 0.486328125 
1
541730_10151003642019655_2117734390_n.jpg
0.4633333333333333 0.69140625 0.5366666666666666 0.75 
1
75580186_10214175947827050_1879941248844824576_o.jpg
0.21666666666666667 0.37890625 0.2733333333333333 0.4296875 
1
78343_10150098709972053_2905045_o.jpg
0.37 0.59765625 0.48833333333333334 0.728515625 
1
643941_542615399087157_1625167870_n.jpg
0.42333333333333334 0.26171875 0.6166666666666667 0.44140625 
1
11230784_10153709075277053_4120921215359865474_n.jpg
0.345 0.568359375 0.41666666666666663 0.638671875 
1
12366170_10153853144997053_1144078556531309684_o.jpg
0.23 0.517578125 0.31166666666666665 0.59375 
1
1396898_10153868606642053_5331735944494882728_o.jpg
0.355 0.845703125 0.5083333333333333 0.974609375 
1
12002113_10153675233862053_6977004884022838742_n.jpg
0.3233333333333333 0.41796875 0.5166666666666666 0.560546875 
1
15069157_10154744274622053_6419557339739713010_o.jpg
0 0 0 0
0
66902195_10157559374357053_1147875029703196672_n.jpg
0.15 0.375 0.365 0.53515625 
1
10265377_10205041960346683_7983577003851077827_o.jpg
0.305 0.3125 0.36333333333333334 0.373046875 
1
12045248_10153688441822053_6853284008639741988_o.jpg
0.31666666666666665 0.0 0.835 0.36328125 
1
323654_2093663824622_242372470_o.jpg
0.20833333333333334 0.44921875 0.32666666666666666 0.5546875 
1
179121_10151003641829655_1229285948_n.jpg
0.43833333333333335 0.47265625 0.505 0.529296875 
1
320147_10150367726049040_788609684_n.jpg
0.2816666666666667 0.30859375 0.4116666666666667 0.423828125 
1
411230_3079425670708_1459253284_o.jpg
0.26 0.603515625 0.33333333333333337 0.662109375 
1
75576500_2574133349468645_9038240907534532608_n.jpg
0.305 0.556640625 0.425 0.65625 
1
55013_422050047854978_1047310150_o.jpg
0.28 0.857421875 0.38 0.953125 
1
25659285_10156049653902053_9108210686705199292_n.jpg
0.45166666666666666 0.525390625 0.565 0.630859375 
1
258161_4281615611680_476808558_o.jpg
0 0 0 0
0
308448_288563101161721_1052231626_n.jpg
0.35833333333333334 0.794921875 0.49333333333333335 0.90625 
1
12363249_10153852054462053_6442088222943326294_o.jpg
0.4483333333333333 0.46875 0.5 0.525390625 
1
335533_3079237906014_304091164_o.jpg
0.42833333333333334 0.28125 0.5333333333333333 0.373046875 
1
312167_1547818552308_1323574348_n.jpg
0.14 0.396484375 0.35833333333333334 0.5703125 
1
257973_159111517489280_2646917_o.jpg
0.5316666666666666 0.685546875 0.5883333333333333 0.732421875 
1
133381_542260292457628_1425868296_o.jpg
0.2733333333333333 0.564453125 0.5383333333333333 0.783203125 
1
54135_475514838456_2911367_o.jpg
0.37833333333333335 0.35546875 0.46 0.4140625 
1
12122756_10153756439347053_7354124573979527044_n.jpg
0.43 0.720703125 0.5666666666666667 0.83984375 
1
542485_10150835027398865_1985916220_n.jpg
0.265 0.306640625 0.5566666666666666 0.541015625 
1
47572088_1905605752827718_7159089473110671360_o.jpg
0 0 0 0
0
12011200_10153756219212053_9060298456220991686_n.jpg
0.33 0.06640625 0.7416666666666667 0.416015625 
1
46487_10151156385353956_2040984271_n.jpg
0.25666666666666665 0.732421875 0.3933333333333333 0.85546875 
1
313438_295206697158032_296817130_n.jpg
0.245 0.55078125 0.435 0.689453125 
1
12370919_10153853144477053_1294444233394071585_o.jpg
0.42 0.513671875 0.4716666666666667 0.55859375 
1
541232_365631056856478_476320769_n.jpg
0.31833333333333336 0.56640625 0.54 0.7578125 
1
297109_1547816712262_1791157381_n.jpg
0.18 0.439453125 0.3433333333333333 0.580078125 
1
11794565_1063530620323650_3827207655371268208_o.jpg
0.23833333333333334 0.51171875 0.29833333333333334 0.5703125 
1
560582_501131776571518_395230873_n.jpg
0.4266666666666667 0.416015625 0.5083333333333333 0.48828125 
1
21273748_10214259921512451_2453151289735023302_o.jpg
0.5416666666666666 0.19140625 0.6549999999999999 0.28515625 
1
34731_1593524671990_4310750_n.jpg
0.21 0.5390625 0.3933333333333333 0.701171875 
1
189463_1783766787564_7058335_n.jpg
0.4483333333333333 0.38671875 0.515 0.453125 
1
22788927_2136210479737668_3929370569184116734_n.jpg
0.4766666666666667 0.298828125 0.5733333333333334 0.37890625 
1
778789_10151286533203865_1113768889_o.jpg
0.3433333333333333 0.47265625 0.4916666666666667 0.587890625 
1
169674_396012247124450_626437670_o.jpg
0.4033333333333333 0.419921875 0.5466666666666666 0.544921875 
1
59265453_10219234266554425_847304761538510848_o.jpg
0.4633333333333333 0.92578125 0.6233333333333333 1.0 
1
149767361_10159387420147053_2496950176160469118_o.jpg
0.235 0.416015625 0.49166666666666664 0.6171875 
1
189243_10150227573803009_5997070_n.jpg
0.14 0.16796875 0.48833333333333334 0.46875 
1
317132_1547817672286_995936578_n.jpg
0.17833333333333334 0.126953125 0.3766666666666667 0.296875 
1
404673_508463482497036_1152963795_n.jpg
0.465 0.38671875 0.5716666666666667 0.46484375 
1
463689_521649751186387_180978244_o.jpg
0.23 0.384765625 0.33 0.46875 
1
12378104_10153853144487053_6929086035494631579_o.jpg
0.3616666666666667 0.501953125 0.41333333333333333 0.55859375 
1
10406444_10153259874037053_6985786695762850840_n.jpg
0.19333333333333333 0.2109375 0.4816666666666667 0.4375 
1
69504_506320922719270_109963618_n.jpg
0.2816666666666667 0.5625 0.35333333333333333 0.6171875 
1
37196_1546457395650_7837956_n.jpg
0.15166666666666667 0.439453125 0.36333333333333334 0.60546875 
1
12182429_10153774004417053_3674793425818385432_o.jpg
0.385 0.259765625 0.55 0.40625 
1
317066_288565521161479_2092237286_n.jpg
0.33666666666666667 0.330078125 0.7116666666666667 0.607421875 
1
21686334_10155708257784655_1231621744636016176_n.jpg
0 0 0 0
0
65575_1416693060994_7252588_n.jpg
0 0 0 0
0
522897_509670015709716_1773054246_n.jpg
0.31166666666666665 0.509765625 0.4533333333333333 0.640625 
1
472220_10151106907593865_2070832951_o.jpg
0.375 0.6953125 0.47333333333333333 0.771484375 
1
413181_4445956879106_2053155865_o.jpg
0.21 0.5234375 0.43166666666666664 0.7109375 
1
535769_425336714151025_1472671909_n.jpg
0.28833333333333333 0.400390625 0.5766666666666667 0.697265625 
1
35122_1446567658469_458261_n.jpg
0.4483333333333333 0.4609375 0.52 0.5234375 
1
12362713_10153852055022053_7608477841795729964_o.jpg
0.4216666666666667 0.400390625 0.515 0.484375 
1
703609_521651464519549_869623439_o.jpg
0.37666666666666665 0.44921875 0.4883333333333333 0.55078125 
1
47477634_1964492230283307_4650809657210699776_o.jpg
0.375 0.240234375 0.44666666666666666 0.291015625 
1
56848_178453878838273_6708886_o.jpg
0.45 0.6796875 0.5866666666666667 0.841796875 
1
10407111_882484878431018_8203873732401395670_n.jpg
0.37166666666666665 0.681640625 0.5866666666666667 0.85546875 
1
11405529_521087188051026_5302874452474720993_o.jpg
0 0 0 0
0
55643_178454022171592_1522152_o.jpg
0.31166666666666665 0.2578125 0.4816666666666667 0.390625 
1
64016_1562977987070_5724143_n.jpg
0.32166666666666666 0.568359375 0.385 0.62109375 
1
16252422_10209306010352640_3920025996784698360_o.jpg
0.11 0.220703125 0.245 0.333984375 
1
13346841_1423725417645049_5708939860272482097_n.jpg
0.2966666666666667 0.76953125 0.39 0.8515625 
1
412746_436613196365677_1042264091_o.jpg
0.46 0.294921875 0.5466666666666666 0.359375 
1
644670_509665932376791_1234147035_n.jpg
0.13166666666666665 0.2734375 0.39499999999999996 0.478515625 
1
223305_10150301826868009_7338567_n.jpg
0.26666666666666666 0.400390625 0.4116666666666666 0.525390625 
1
428405_10150983104528956_334208295_n.jpg
0.5566666666666666 0.248046875 0.625 0.31640625 
1
12143272_10153727034802053_568631581709779709_n.jpg
0.35333333333333333 0.45703125 0.43666666666666665 0.53515625 
1
10446311_10152896712192053_4641864786681360849_o.jpg
0.435 0.37109375 0.48833333333333334 0.42578125 
1
12370958_10153853144067053_8436999125166587577_o.jpg
0.5883333333333334 0.423828125 0.6433333333333334 0.47265625 
1
1522847_746100122067435_70499122_o.jpg
0.23833333333333334 0.541015625 0.33666666666666667 0.6171875 
1
56281_178455865504741_2675415_o.jpg
0 0 0 0
0
285112_523621384332702_1282051375_n.jpg
0 0 0 0
0
176731_536492756368339_1808185281_o.jpg
0.22333333333333333 0.345703125 0.3616666666666667 0.462890625 
1
12378118_10153852077147053_4378427433355423514_o.jpg
0.36666666666666664 0.23828125 0.48666666666666664 0.353515625 
1
11016955_10208202316482710_3932701291261770143_o.jpg
0.35 0.92578125 0.415 0.986328125 
1
120925080_10221795522468687_1097365590740207193_o.jpg
0.41833333333333333 0.5859375 0.51 0.669921875 
1
706311_10151347147727053_772699313_o.jpg
0.22166666666666668 0.513671875 0.33666666666666667 0.615234375 
1
264351_208973369145152_6753164_n.jpg
0.645 0.740234375 0.6983333333333334 0.783203125 
1
1559554_10151942520343865_64931902_o.jpg
0.20166666666666666 0.45703125 0.295 0.529296875 
1
34731_1593524791993_3968189_n.jpg
0.21166666666666667 0.525390625 0.405 0.697265625 
1
46507204_10156749107136425_7866026633172353024_o.jpg
0 0 0 0
0
735474_539683362716359_1662861362_o.jpg
0.43 0.4453125 0.52 0.521484375 
1
12366123_10153853145117053_7641853622260433634_o.jpg
0 0 0 0
0
1534695_10153753397945245_1902121462_o.jpg
0 0 0 0
0
318946_523622310999276_718409220_n.jpg
0.37 0.4453125 0.485 0.552734375 
1
58698636_10157158158876425_5679200320236814336_n.jpg
0 0 0 0
0
481127_421030781272742_1193984287_n.jpg
0.27166666666666667 0.390625 0.385 0.46875 
1
324034_396009330458075_1453668777_o.jpg
0.375 0.6484375 0.5683333333333334 0.81640625 
1
135660_1659365778289_4357440_o.jpg
0.3516666666666667 0.59765625 0.5533333333333333 0.841796875 
1
50155042_2813125295372143_4621331089045061632_o.jpg
0.10333333333333333 0.06640625 0.20166666666666666 0.150390625
1
11062003_10153852054472053_5617188008112009743_o.jpg
0.47333333333333333 0.47265625 0.53 0.5234375 
1
35122_1446567578467_7079769_n.jpg
0.30833333333333335 0.453125 0.4266666666666667 0.556640625 
1
535376_10151295426321648_2117438443_n.jpg
0 0 0 0
0
399269_10151003642224655_1789670412_n.jpg
0.41 0.470703125 0.47333333333333333 0.5390625 
1
43115234_1972970562741823_8719542243838394368_o.jpg
0.41 0.68359375 0.5566666666666666 0.775390625 
1
39552_1593529272105_5053999_n.jpg
0 0 0 0
0
260411_208973335811822_6470509_n.jpg
0.6133333333333333 0.099609375 0.7166666666666666 0.18359375 
1
541740_10151003638834655_381401481_n.jpg
0.3516666666666667 0.125 0.43333333333333335 0.203125 
1
12094966_10207428288006622_2058865633512076166_o.jpg
0.3 0.5859375 0.4083333333333333 0.677734375 
1
251298_10151232078719879_2100052579_n.jpg
0.26166666666666666 0.75 0.38666666666666666 0.869140625 
1
62017795_612932682551516_1998749750878273536_o.jpg
0.31166666666666665 0.548828125 0.4016666666666666 0.623046875 
1
293635_1547817952293_169315414_n.jpg
0.27666666666666667 0.466796875 0.3983333333333333 0.568359375 
1
11130363_10205252298119449_8145102421257057580_o.jpg
0.43833333333333335 0.06640625 0.49333333333333335 0.123046875 
1
12244494_10153841658352053_7966484894991369587_o.jpg
0.46 0.45703125 0.5716666666666667 0.546875 
1
297268_1875292340417_412294333_n.jpg
0.35333333333333333 0.431640625 0.52 0.578125 
1
12091253_10207428286486584_8251130401918310891_o.jpg
0 0 0 0
0
12371100_10153852057932053_9146257178117436230_o.jpg
0.40166666666666667 0.466796875 0.47833333333333333 0.533203125 
1
64912282_2195443813843909_7942941856696893440_n.jpg
0.42333333333333334 0.306640625 0.4816666666666667 0.37109375 
1
74694876_2695037273893095_990265075858145280_o.jpg
0.2966666666666667 0.560546875 0.45166666666666666 0.69140625 
1
15110315_10205632607654855_332292424854687378_o.jpg
0.4 0.056640625 0.49833333333333335 0.166015625 
1
390188_2080564953305_552540784_n.jpg
0.185 0.544921875 0.3416666666666667 0.697265625 
1
68478586_10157614581722053_3227945888932429824_n.jpg
0.15833333333333333 0.365234375 0.355 0.54296875 
1
703579_523313284353367_1025897655_o.jpg
0 0 0 0
0
559493_523623267665847_152678171_n.jpg
0.4116666666666667 0.4453125 0.5566666666666666 0.546875 
1
194389_10150444194270332_406236_o.jpg
0 0 0 0
0
12400860_10153889728167053_8590529140563916941_n.jpg
0.2683333333333333 0.296875 0.44166666666666665 0.43359375 
1
643880_523622564332584_208242245_n.jpg
0.2916666666666667 0.5703125 0.525 0.78125 
1
532575_10151003603384655_1587422677_n.jpg
0.26166666666666666 0.677734375 0.48 0.865234375 
1
55547_3974750090260_1762831900_o.jpg
0.20833333333333334 0.341796875 0.3483333333333334 0.44921875 
1
10750472_10205041912465486_8962689123330915099_o.jpg
0.2816666666666667 0.7265625 0.35 0.791015625 
1
299415_1547820072346_1805158644_n.jpg
0.43666666666666665 0.38671875 0.5333333333333333 0.47265625 
1
11903942_10205080133904763_6516437206036526989_n.jpg
0.5466666666666666 0.400390625 0.7216666666666667 0.578125 
1
12644748_10153948986092053_7990396538999475997_n.jpg
0.345 0.533203125 0.4083333333333333 0.5859375 
1
75588164_10157941531078675_6781413538276573184_n.jpg
0.21333333333333335 0.375 0.265 0.421875 
1
54434057_10157213047182053_7156854625532903424_n.jpg
0.155 0.3359375 0.35 0.484375 
1
12363241_10153853144457053_6820054782868259484_o.jpg
0.47 0.435546875 0.5316666666666666 0.490234375 
1
10438891_10155417827500082_4025592631238971231_n.jpg
0.5116666666666667 0.419921875 0.6000000000000001 0.51171875 
1
703867_521651197852909_1247186976_o.jpg
0.4666666666666667 0.443359375 0.5966666666666667 0.548828125 
1
706245_521650474519648_1402094348_o.jpg
0.23166666666666666 0.525390625 0.315 0.603515625 
1
282833_10152357165700082_218833651_n.jpg
0 0 0 0
0
560806_10151232077874879_1076602239_n.jpg
0.28833333333333333 0.43359375 0.41333333333333333 0.54296875 
1
10801800_10152586682185736_4574848313634805224_n.jpg
0.475 0.611328125 0.5533333333333333 0.666015625 
1
412227_448377388522591_1163149807_o.jpg
0.2733333333333333 0.400390625 0.5766666666666667 0.703125 
1
240791_3974760970532_1379633085_o.jpg
0.20833333333333334 0.373046875 0.3466666666666667 0.470703125 
1
11046931_972698159421106_8737249483287107124_o.jpg
0.6233333333333333 0.603515625 0.7066666666666667 0.662109375 
1
38752183_293455611233628_208837209900449792_o.jpg
0.39166666666666666 0.654296875 0.46166666666666667 0.724609375 
1
704541_523318671019495_183319620_o.jpg
0.38166666666666665 0.626953125 0.5733333333333334 0.79296875 
1
580770_10151232104519879_1932911273_n.jpg
0.255 0.443359375 0.435 0.6015625 
1
616470_10151347148817053_578932141_o.jpg
0.33 0.1328125 0.4216666666666667 0.212890625 
1
12357157_10153852055037053_7065450297082332591_o.jpg
0.45 0.45703125 0.5583333333333333 0.552734375 
1
175146_422047921188524_1267928134_o.jpg
0 0 0 0
0
1120045_10151859429757053_1034626060_o.jpg
0.21 0.78515625 0.44999999999999996 0.99609375 
1
338314_10151286537013865_2053340659_o.jpg
0.16833333333333333 0.337890625 0.46 0.5703125 
1
299453_1547817112272_1066308703_n.jpg
0.145 0.439453125 0.30666666666666664 0.564453125 
1
70562766_2542069022498638_6460089107669319680_o.jpg
0.175 0.04296875 0.24833333333333332 0.103515625 
1
205382_415234578519029_1399411740_n.jpg
0.345 0.166015625 0.44499999999999995 0.26171875 
1
10850227_940410115972119_6528315719184460098_n.jpg
0.22666666666666666 0.482421875 0.30833333333333335 0.53515625 
1
13043735_10154170512067053_8144548484663023834_n.jpg
0.4266666666666667 0.392578125 0.5066666666666667 0.4609375 
1
33851_1417854730035_2362606_n.jpg
0.35 0.1171875 0.46166666666666667 0.22265625 
1
279434_173715576028874_7796211_o.jpg
0.23166666666666666 0.0234375 0.3566666666666667 0.140625 
1
43220514_1972970262741853_6118284039611744256_o.jpg
0.49666666666666665 0.37890625 0.6516666666666666 0.5078125 
1
13254429_1179550452063183_7949316423990836949_n.jpg
0.41333333333333333 0.119140625 0.5383333333333333 0.22265625  
1
302459_1547818232300_1609458280_n.jpg
0.18 0.42578125 0.395 0.599609375 
1
1911174_10152896711712053_2538279282963786929_o.jpg
0 0 0 0
0
77085_1525511740832_5169259_n.jpg
0.145 0.328125 0.31999999999999995 0.4609375 
1
135997_10151106906853865_1750116057_o.jpg
0.38333333333333336 0.189453125 0.65 0.3984375
1
12377628_10153841658482053_3576469188817961534_o.jpg
0.35833333333333334 0.46484375 0.42666666666666664 0.53125 
1
228726_220443241305424_4525493_n.jpg
0.21833333333333332 0.21875 0.4683333333333333 0.419921875 
1
312540_1547816352253_1262351006_n.jpg
0.24833333333333332 0.357421875 0.42333333333333334 0.501953125 
1
225183_224883314193241_1185782_n.jpg
0.2866666666666667 0.49609375 0.44333333333333336 0.623046875 
1
65502087_2200948769960080_1178076883246383104_o.jpg
0.4116666666666667 0.4609375 0.5183333333333333 0.5546875 
1
735824_539684569382905_1077279727_o.jpg
0.25166666666666665 0.3125 0.42166666666666663 0.4609375 
1
43143620_1972971389408407_4792342487609901056_o.jpg
0.325 0.04296875 0.395 0.11328125 
1
178665_421775071215809_2140963696_o.jpg
0 0 0 0
0
456151_232393190211293_514318686_o.jpg
0 0 0 0
0
21272211_10155723428107053_441037798881483361_n.jpg
0.2683333333333333 0.615234375 0.3633333333333333 0.6953125 
1
34731_1593524631989_266173_n.jpg
0.19833333333333333 0.529296875 0.385 0.70703125 
1
560871_10150983105373956_1532337454_n.jpg
0 0 0 0
0
228393_224883474193225_5761677_n.jpg
0.41 0.427734375 0.52 0.51953125 
1
468673_2074668681874_684318065_o.jpg
0.5366666666666666 0.083984375 0.6 0.1484375 
1
14051583_1056070247794725_4506322713821132396_n.jpg
0 0 0 0
0
582823_3710328400444_95157216_n.jpg
0 0 0 0
0
893647_10152142979042053_1361367303_o.jpg
0.38 0.423828125 0.44166666666666665 0.478515625 
1
10348431_942527442424997_4416116780361012098_n.jpg
0.36 0.388671875 0.43833333333333335 0.4609375 
1
336059_4299660895013_1190806443_o.jpg
0.2966666666666667 0.513671875 0.44500000000000006 0.654296875 
1
12189232_10208202319642789_6824861360630654425_o.jpg
0 0 0 0
0
463681_521649651186397_1603668876_o.jpg
0.14833333333333334 0.3359375 0.30333333333333334 0.458984375 
1
704683_521651267852902_1666987335_o.jpg
0.31166666666666665 0.462890625 0.39 0.529296875 
1
308539_10150367726274040_1670871821_n.jpg
0.25 0.484375 0.395 0.607421875 
1
289907_4299659894988_125361539_o.jpg
0.255 0.525390625 0.45666666666666667 0.701171875 
1
33752_1562353651862_7292928_n.jpg
0.31333333333333335 0.486328125 0.475 0.615234375 
1
13403976_1087715374601147_6491111693974392641_o.jpg
0 0 0 0
0
12400897_10153889728137053_4055649656140264835_n.jpg
0.21333333333333335 0.0546875 0.6466666666666667 0.396484375 
1
175140_422052301188086_386163257_o.jpg
0 0 0 0
0
11390177_10153360476003909_4241107176578524912_n.jpg
0.44333333333333336 0.248046875 0.5533333333333333 0.341796875 
1
575409_10151003642479655_315850042_n.jpg
0.4066666666666667 0.4609375 0.4816666666666667 0.52734375 
1
735547_539685806049448_1971589359_o.jpg
0.08 0.25 0.19666666666666666 0.35546875 
1
12193479_1110392432306645_4594833942423769907_n.jpg
0.03333333333333333 0.4921875 0.16 0.607421875 
1
286667_523318777686151_213100978_o.jpg
0.405 0.6015625 0.6333333333333333 0.78125 
1
180851_10150132848502053_5168406_n.jpg
0.295 0.388671875 0.45499999999999996 0.60546875 
1
546595_2576683631817_207538330_n.jpg
0 0 0 0
0
12080090_10207428285686564_6649778865420046287_o.jpg
0.39666666666666667 0.5546875 0.4633333333333333 0.61328125 
1
615464_421776454549004_1447116709_o.jpg
0.3933333333333333 0.291015625 0.55 0.42578125 
1
705312_10151347153622053_1701037301_o.jpg
0.4216666666666667 0.490234375 0.5533333333333333 0.607421875 
1
189623_1783765907542_2135642_n.jpg
0.4766666666666667 0.220703125 0.5416666666666667 0.275390625 
1
307000_276389292388069_412947_n.jpg
0.20666666666666667 0.70703125 0.51 0.962890625 
1
560898_10151003603229655_827642782_n.jpg
0.28833333333333333 0.8125 0.44833333333333336 0.951171875 
1
561566_501868399831189_1335159486_n.jpg
0 0 0 0
0
300263_1875292980433_168615342_n.jpg
0.3883333333333333 0.423828125 0.5249999999999999 0.546875 
1
72569_1546457035641_8018147_n.jpg
0.20333333333333334 0.408203125 0.44 0.59375 
1
1781651_10153868606607053_3560543632080583156_o.jpg
0.18166666666666667 0.392578125 0.30166666666666664 0.498046875 
1
50667330_2425410830864969_7773716752210329600_o.jpg
0.3016666666666667 0.458984375 0.375 0.517578125 
1
184582_10153881108452053_8798035084825181212_n.jpg
0.6166666666666667 0.06640625 0.7433333333333334 0.1953125 
1
12363173_10153852055557053_1755280033889242045_o.jpg
0.595 0.53515625 0.6816666666666666 0.609375 
1
737083_552589554770348_1293791446_o.jpg
0.31666666666666665 0.74609375 0.3883333333333333 0.80078125 
1
15025584_10154586160311425_2275885527698016230_o.jpg
0.7466666666666667 0.859375 0.8133333333333334 0.91796875 
1
34731_1593524711991_7986117_n.jpg
0.2633333333333333 0.537109375 0.45666666666666667 0.697265625 
1
178325_4299658454952_1864131363_o.jpg
0.23333333333333334 0.306640625 0.42333333333333334 0.46875 
1
39552_1593529312106_820357_n.jpg
0 0 0 0
0
314629_1547815832240_1240738326_n.jpg
0.24 0.248046875 0.43833333333333335 0.404296875 
1